{
 "cells": [
  {
   "cell_type": "markdown",
   "id": "a535296b-99f6-4d65-9305-d3a5be87074f",
   "metadata": {},
   "source": [
    "1. One versus rest\n",
    "   - if 3 categories then it takes 1 as one category and remaining 2 as 1 category\n",
    "2. Multinomial\n",
    "   - highest value will be taken as output from the all feature"
   ]
  },
  {
   "cell_type": "markdown",
   "id": "fa709503-cf02-4018-9e09-1ee8c9a82300",
   "metadata": {},
   "source": [
    "## Logistic Regression For Multiclass Classification"
   ]
  },
  {
   "cell_type": "code",
   "execution_count": 1,
   "id": "f68d3581-5f4b-4b3c-a056-ed83710a2b84",
   "metadata": {},
   "outputs": [],
   "source": [
    "# make a prediction with a multinomial logistic regression model\n",
    "from sklearn.datasets import make_classification\n",
    "from sklearn.linear_model import LogisticRegression\n",
    "# define dataset\n",
    "X, y = make_classification(n_samples=1000, n_features=10, n_informative=5, n_redundant=5, n_classes=3, random_state=1)"
   ]
  },
  {
   "cell_type": "code",
   "execution_count": 2,
   "id": "6b8e69d6-f977-4f0d-af63-b5e939bd6e30",
   "metadata": {},
   "outputs": [],
   "source": [
    "# define the multinomial logistic regression model For multiclass classification\n",
    "model = LogisticRegression(multi_class='ovr', solver='lbfgs')"
   ]
  },
  {
   "cell_type": "code",
   "execution_count": 3,
   "id": "5eec0a8d-4d90-4160-8f19-5e859a4bb6ce",
   "metadata": {},
   "outputs": [],
   "source": [
    "# Train test split\n",
    "from sklearn.model_selection import train_test_split\n",
    "X_train, X_test, y_train, y_test = train_test_split(X, y, test_size=0.20, random_state=42)"
   ]
  },
  {
   "cell_type": "code",
   "execution_count": 5,
   "id": "281b4e1d-7535-4671-96d7-99dc1e2e5a5f",
   "metadata": {},
   "outputs": [],
   "source": [
    "import warnings\n",
    "warnings.filterwarnings('ignore')"
   ]
  },
  {
   "cell_type": "code",
   "execution_count": 6,
   "id": "4f124716-6095-4665-8e77-6ab41b6acae5",
   "metadata": {},
   "outputs": [
    {
     "data": {
      "text/html": [
       "<style>#sk-container-id-2 {\n",
       "  /* Definition of color scheme common for light and dark mode */\n",
       "  --sklearn-color-text: black;\n",
       "  --sklearn-color-line: gray;\n",
       "  /* Definition of color scheme for unfitted estimators */\n",
       "  --sklearn-color-unfitted-level-0: #fff5e6;\n",
       "  --sklearn-color-unfitted-level-1: #f6e4d2;\n",
       "  --sklearn-color-unfitted-level-2: #ffe0b3;\n",
       "  --sklearn-color-unfitted-level-3: chocolate;\n",
       "  /* Definition of color scheme for fitted estimators */\n",
       "  --sklearn-color-fitted-level-0: #f0f8ff;\n",
       "  --sklearn-color-fitted-level-1: #d4ebff;\n",
       "  --sklearn-color-fitted-level-2: #b3dbfd;\n",
       "  --sklearn-color-fitted-level-3: cornflowerblue;\n",
       "\n",
       "  /* Specific color for light theme */\n",
       "  --sklearn-color-text-on-default-background: var(--sg-text-color, var(--theme-code-foreground, var(--jp-content-font-color1, black)));\n",
       "  --sklearn-color-background: var(--sg-background-color, var(--theme-background, var(--jp-layout-color0, white)));\n",
       "  --sklearn-color-border-box: var(--sg-text-color, var(--theme-code-foreground, var(--jp-content-font-color1, black)));\n",
       "  --sklearn-color-icon: #696969;\n",
       "\n",
       "  @media (prefers-color-scheme: dark) {\n",
       "    /* Redefinition of color scheme for dark theme */\n",
       "    --sklearn-color-text-on-default-background: var(--sg-text-color, var(--theme-code-foreground, var(--jp-content-font-color1, white)));\n",
       "    --sklearn-color-background: var(--sg-background-color, var(--theme-background, var(--jp-layout-color0, #111)));\n",
       "    --sklearn-color-border-box: var(--sg-text-color, var(--theme-code-foreground, var(--jp-content-font-color1, white)));\n",
       "    --sklearn-color-icon: #878787;\n",
       "  }\n",
       "}\n",
       "\n",
       "#sk-container-id-2 {\n",
       "  color: var(--sklearn-color-text);\n",
       "}\n",
       "\n",
       "#sk-container-id-2 pre {\n",
       "  padding: 0;\n",
       "}\n",
       "\n",
       "#sk-container-id-2 input.sk-hidden--visually {\n",
       "  border: 0;\n",
       "  clip: rect(1px 1px 1px 1px);\n",
       "  clip: rect(1px, 1px, 1px, 1px);\n",
       "  height: 1px;\n",
       "  margin: -1px;\n",
       "  overflow: hidden;\n",
       "  padding: 0;\n",
       "  position: absolute;\n",
       "  width: 1px;\n",
       "}\n",
       "\n",
       "#sk-container-id-2 div.sk-dashed-wrapped {\n",
       "  border: 1px dashed var(--sklearn-color-line);\n",
       "  margin: 0 0.4em 0.5em 0.4em;\n",
       "  box-sizing: border-box;\n",
       "  padding-bottom: 0.4em;\n",
       "  background-color: var(--sklearn-color-background);\n",
       "}\n",
       "\n",
       "#sk-container-id-2 div.sk-container {\n",
       "  /* jupyter's `normalize.less` sets `[hidden] { display: none; }`\n",
       "     but bootstrap.min.css set `[hidden] { display: none !important; }`\n",
       "     so we also need the `!important` here to be able to override the\n",
       "     default hidden behavior on the sphinx rendered scikit-learn.org.\n",
       "     See: https://github.com/scikit-learn/scikit-learn/issues/21755 */\n",
       "  display: inline-block !important;\n",
       "  position: relative;\n",
       "}\n",
       "\n",
       "#sk-container-id-2 div.sk-text-repr-fallback {\n",
       "  display: none;\n",
       "}\n",
       "\n",
       "div.sk-parallel-item,\n",
       "div.sk-serial,\n",
       "div.sk-item {\n",
       "  /* draw centered vertical line to link estimators */\n",
       "  background-image: linear-gradient(var(--sklearn-color-text-on-default-background), var(--sklearn-color-text-on-default-background));\n",
       "  background-size: 2px 100%;\n",
       "  background-repeat: no-repeat;\n",
       "  background-position: center center;\n",
       "}\n",
       "\n",
       "/* Parallel-specific style estimator block */\n",
       "\n",
       "#sk-container-id-2 div.sk-parallel-item::after {\n",
       "  content: \"\";\n",
       "  width: 100%;\n",
       "  border-bottom: 2px solid var(--sklearn-color-text-on-default-background);\n",
       "  flex-grow: 1;\n",
       "}\n",
       "\n",
       "#sk-container-id-2 div.sk-parallel {\n",
       "  display: flex;\n",
       "  align-items: stretch;\n",
       "  justify-content: center;\n",
       "  background-color: var(--sklearn-color-background);\n",
       "  position: relative;\n",
       "}\n",
       "\n",
       "#sk-container-id-2 div.sk-parallel-item {\n",
       "  display: flex;\n",
       "  flex-direction: column;\n",
       "}\n",
       "\n",
       "#sk-container-id-2 div.sk-parallel-item:first-child::after {\n",
       "  align-self: flex-end;\n",
       "  width: 50%;\n",
       "}\n",
       "\n",
       "#sk-container-id-2 div.sk-parallel-item:last-child::after {\n",
       "  align-self: flex-start;\n",
       "  width: 50%;\n",
       "}\n",
       "\n",
       "#sk-container-id-2 div.sk-parallel-item:only-child::after {\n",
       "  width: 0;\n",
       "}\n",
       "\n",
       "/* Serial-specific style estimator block */\n",
       "\n",
       "#sk-container-id-2 div.sk-serial {\n",
       "  display: flex;\n",
       "  flex-direction: column;\n",
       "  align-items: center;\n",
       "  background-color: var(--sklearn-color-background);\n",
       "  padding-right: 1em;\n",
       "  padding-left: 1em;\n",
       "}\n",
       "\n",
       "\n",
       "/* Toggleable style: style used for estimator/Pipeline/ColumnTransformer box that is\n",
       "clickable and can be expanded/collapsed.\n",
       "- Pipeline and ColumnTransformer use this feature and define the default style\n",
       "- Estimators will overwrite some part of the style using the `sk-estimator` class\n",
       "*/\n",
       "\n",
       "/* Pipeline and ColumnTransformer style (default) */\n",
       "\n",
       "#sk-container-id-2 div.sk-toggleable {\n",
       "  /* Default theme specific background. It is overwritten whether we have a\n",
       "  specific estimator or a Pipeline/ColumnTransformer */\n",
       "  background-color: var(--sklearn-color-background);\n",
       "}\n",
       "\n",
       "/* Toggleable label */\n",
       "#sk-container-id-2 label.sk-toggleable__label {\n",
       "  cursor: pointer;\n",
       "  display: block;\n",
       "  width: 100%;\n",
       "  margin-bottom: 0;\n",
       "  padding: 0.5em;\n",
       "  box-sizing: border-box;\n",
       "  text-align: center;\n",
       "}\n",
       "\n",
       "#sk-container-id-2 label.sk-toggleable__label-arrow:before {\n",
       "  /* Arrow on the left of the label */\n",
       "  content: \"▸\";\n",
       "  float: left;\n",
       "  margin-right: 0.25em;\n",
       "  color: var(--sklearn-color-icon);\n",
       "}\n",
       "\n",
       "#sk-container-id-2 label.sk-toggleable__label-arrow:hover:before {\n",
       "  color: var(--sklearn-color-text);\n",
       "}\n",
       "\n",
       "/* Toggleable content - dropdown */\n",
       "\n",
       "#sk-container-id-2 div.sk-toggleable__content {\n",
       "  max-height: 0;\n",
       "  max-width: 0;\n",
       "  overflow: hidden;\n",
       "  text-align: left;\n",
       "  /* unfitted */\n",
       "  background-color: var(--sklearn-color-unfitted-level-0);\n",
       "}\n",
       "\n",
       "#sk-container-id-2 div.sk-toggleable__content.fitted {\n",
       "  /* fitted */\n",
       "  background-color: var(--sklearn-color-fitted-level-0);\n",
       "}\n",
       "\n",
       "#sk-container-id-2 div.sk-toggleable__content pre {\n",
       "  margin: 0.2em;\n",
       "  border-radius: 0.25em;\n",
       "  color: var(--sklearn-color-text);\n",
       "  /* unfitted */\n",
       "  background-color: var(--sklearn-color-unfitted-level-0);\n",
       "}\n",
       "\n",
       "#sk-container-id-2 div.sk-toggleable__content.fitted pre {\n",
       "  /* unfitted */\n",
       "  background-color: var(--sklearn-color-fitted-level-0);\n",
       "}\n",
       "\n",
       "#sk-container-id-2 input.sk-toggleable__control:checked~div.sk-toggleable__content {\n",
       "  /* Expand drop-down */\n",
       "  max-height: 200px;\n",
       "  max-width: 100%;\n",
       "  overflow: auto;\n",
       "}\n",
       "\n",
       "#sk-container-id-2 input.sk-toggleable__control:checked~label.sk-toggleable__label-arrow:before {\n",
       "  content: \"▾\";\n",
       "}\n",
       "\n",
       "/* Pipeline/ColumnTransformer-specific style */\n",
       "\n",
       "#sk-container-id-2 div.sk-label input.sk-toggleable__control:checked~label.sk-toggleable__label {\n",
       "  color: var(--sklearn-color-text);\n",
       "  background-color: var(--sklearn-color-unfitted-level-2);\n",
       "}\n",
       "\n",
       "#sk-container-id-2 div.sk-label.fitted input.sk-toggleable__control:checked~label.sk-toggleable__label {\n",
       "  background-color: var(--sklearn-color-fitted-level-2);\n",
       "}\n",
       "\n",
       "/* Estimator-specific style */\n",
       "\n",
       "/* Colorize estimator box */\n",
       "#sk-container-id-2 div.sk-estimator input.sk-toggleable__control:checked~label.sk-toggleable__label {\n",
       "  /* unfitted */\n",
       "  background-color: var(--sklearn-color-unfitted-level-2);\n",
       "}\n",
       "\n",
       "#sk-container-id-2 div.sk-estimator.fitted input.sk-toggleable__control:checked~label.sk-toggleable__label {\n",
       "  /* fitted */\n",
       "  background-color: var(--sklearn-color-fitted-level-2);\n",
       "}\n",
       "\n",
       "#sk-container-id-2 div.sk-label label.sk-toggleable__label,\n",
       "#sk-container-id-2 div.sk-label label {\n",
       "  /* The background is the default theme color */\n",
       "  color: var(--sklearn-color-text-on-default-background);\n",
       "}\n",
       "\n",
       "/* On hover, darken the color of the background */\n",
       "#sk-container-id-2 div.sk-label:hover label.sk-toggleable__label {\n",
       "  color: var(--sklearn-color-text);\n",
       "  background-color: var(--sklearn-color-unfitted-level-2);\n",
       "}\n",
       "\n",
       "/* Label box, darken color on hover, fitted */\n",
       "#sk-container-id-2 div.sk-label.fitted:hover label.sk-toggleable__label.fitted {\n",
       "  color: var(--sklearn-color-text);\n",
       "  background-color: var(--sklearn-color-fitted-level-2);\n",
       "}\n",
       "\n",
       "/* Estimator label */\n",
       "\n",
       "#sk-container-id-2 div.sk-label label {\n",
       "  font-family: monospace;\n",
       "  font-weight: bold;\n",
       "  display: inline-block;\n",
       "  line-height: 1.2em;\n",
       "}\n",
       "\n",
       "#sk-container-id-2 div.sk-label-container {\n",
       "  text-align: center;\n",
       "}\n",
       "\n",
       "/* Estimator-specific */\n",
       "#sk-container-id-2 div.sk-estimator {\n",
       "  font-family: monospace;\n",
       "  border: 1px dotted var(--sklearn-color-border-box);\n",
       "  border-radius: 0.25em;\n",
       "  box-sizing: border-box;\n",
       "  margin-bottom: 0.5em;\n",
       "  /* unfitted */\n",
       "  background-color: var(--sklearn-color-unfitted-level-0);\n",
       "}\n",
       "\n",
       "#sk-container-id-2 div.sk-estimator.fitted {\n",
       "  /* fitted */\n",
       "  background-color: var(--sklearn-color-fitted-level-0);\n",
       "}\n",
       "\n",
       "/* on hover */\n",
       "#sk-container-id-2 div.sk-estimator:hover {\n",
       "  /* unfitted */\n",
       "  background-color: var(--sklearn-color-unfitted-level-2);\n",
       "}\n",
       "\n",
       "#sk-container-id-2 div.sk-estimator.fitted:hover {\n",
       "  /* fitted */\n",
       "  background-color: var(--sklearn-color-fitted-level-2);\n",
       "}\n",
       "\n",
       "/* Specification for estimator info (e.g. \"i\" and \"?\") */\n",
       "\n",
       "/* Common style for \"i\" and \"?\" */\n",
       "\n",
       ".sk-estimator-doc-link,\n",
       "a:link.sk-estimator-doc-link,\n",
       "a:visited.sk-estimator-doc-link {\n",
       "  float: right;\n",
       "  font-size: smaller;\n",
       "  line-height: 1em;\n",
       "  font-family: monospace;\n",
       "  background-color: var(--sklearn-color-background);\n",
       "  border-radius: 1em;\n",
       "  height: 1em;\n",
       "  width: 1em;\n",
       "  text-decoration: none !important;\n",
       "  margin-left: 1ex;\n",
       "  /* unfitted */\n",
       "  border: var(--sklearn-color-unfitted-level-1) 1pt solid;\n",
       "  color: var(--sklearn-color-unfitted-level-1);\n",
       "}\n",
       "\n",
       ".sk-estimator-doc-link.fitted,\n",
       "a:link.sk-estimator-doc-link.fitted,\n",
       "a:visited.sk-estimator-doc-link.fitted {\n",
       "  /* fitted */\n",
       "  border: var(--sklearn-color-fitted-level-1) 1pt solid;\n",
       "  color: var(--sklearn-color-fitted-level-1);\n",
       "}\n",
       "\n",
       "/* On hover */\n",
       "div.sk-estimator:hover .sk-estimator-doc-link:hover,\n",
       ".sk-estimator-doc-link:hover,\n",
       "div.sk-label-container:hover .sk-estimator-doc-link:hover,\n",
       ".sk-estimator-doc-link:hover {\n",
       "  /* unfitted */\n",
       "  background-color: var(--sklearn-color-unfitted-level-3);\n",
       "  color: var(--sklearn-color-background);\n",
       "  text-decoration: none;\n",
       "}\n",
       "\n",
       "div.sk-estimator.fitted:hover .sk-estimator-doc-link.fitted:hover,\n",
       ".sk-estimator-doc-link.fitted:hover,\n",
       "div.sk-label-container:hover .sk-estimator-doc-link.fitted:hover,\n",
       ".sk-estimator-doc-link.fitted:hover {\n",
       "  /* fitted */\n",
       "  background-color: var(--sklearn-color-fitted-level-3);\n",
       "  color: var(--sklearn-color-background);\n",
       "  text-decoration: none;\n",
       "}\n",
       "\n",
       "/* Span, style for the box shown on hovering the info icon */\n",
       ".sk-estimator-doc-link span {\n",
       "  display: none;\n",
       "  z-index: 9999;\n",
       "  position: relative;\n",
       "  font-weight: normal;\n",
       "  right: .2ex;\n",
       "  padding: .5ex;\n",
       "  margin: .5ex;\n",
       "  width: min-content;\n",
       "  min-width: 20ex;\n",
       "  max-width: 50ex;\n",
       "  color: var(--sklearn-color-text);\n",
       "  box-shadow: 2pt 2pt 4pt #999;\n",
       "  /* unfitted */\n",
       "  background: var(--sklearn-color-unfitted-level-0);\n",
       "  border: .5pt solid var(--sklearn-color-unfitted-level-3);\n",
       "}\n",
       "\n",
       ".sk-estimator-doc-link.fitted span {\n",
       "  /* fitted */\n",
       "  background: var(--sklearn-color-fitted-level-0);\n",
       "  border: var(--sklearn-color-fitted-level-3);\n",
       "}\n",
       "\n",
       ".sk-estimator-doc-link:hover span {\n",
       "  display: block;\n",
       "}\n",
       "\n",
       "/* \"?\"-specific style due to the `<a>` HTML tag */\n",
       "\n",
       "#sk-container-id-2 a.estimator_doc_link {\n",
       "  float: right;\n",
       "  font-size: 1rem;\n",
       "  line-height: 1em;\n",
       "  font-family: monospace;\n",
       "  background-color: var(--sklearn-color-background);\n",
       "  border-radius: 1rem;\n",
       "  height: 1rem;\n",
       "  width: 1rem;\n",
       "  text-decoration: none;\n",
       "  /* unfitted */\n",
       "  color: var(--sklearn-color-unfitted-level-1);\n",
       "  border: var(--sklearn-color-unfitted-level-1) 1pt solid;\n",
       "}\n",
       "\n",
       "#sk-container-id-2 a.estimator_doc_link.fitted {\n",
       "  /* fitted */\n",
       "  border: var(--sklearn-color-fitted-level-1) 1pt solid;\n",
       "  color: var(--sklearn-color-fitted-level-1);\n",
       "}\n",
       "\n",
       "/* On hover */\n",
       "#sk-container-id-2 a.estimator_doc_link:hover {\n",
       "  /* unfitted */\n",
       "  background-color: var(--sklearn-color-unfitted-level-3);\n",
       "  color: var(--sklearn-color-background);\n",
       "  text-decoration: none;\n",
       "}\n",
       "\n",
       "#sk-container-id-2 a.estimator_doc_link.fitted:hover {\n",
       "  /* fitted */\n",
       "  background-color: var(--sklearn-color-fitted-level-3);\n",
       "}\n",
       "</style><div id=\"sk-container-id-2\" class=\"sk-top-container\"><div class=\"sk-text-repr-fallback\"><pre>LogisticRegression(multi_class=&#x27;ovr&#x27;)</pre><b>In a Jupyter environment, please rerun this cell to show the HTML representation or trust the notebook. <br />On GitHub, the HTML representation is unable to render, please try loading this page with nbviewer.org.</b></div><div class=\"sk-container\" hidden><div class=\"sk-item\"><div class=\"sk-estimator fitted sk-toggleable\"><input class=\"sk-toggleable__control sk-hidden--visually\" id=\"sk-estimator-id-2\" type=\"checkbox\" checked><label for=\"sk-estimator-id-2\" class=\"sk-toggleable__label fitted sk-toggleable__label-arrow fitted\">&nbsp;&nbsp;LogisticRegression<a class=\"sk-estimator-doc-link fitted\" rel=\"noreferrer\" target=\"_blank\" href=\"https://scikit-learn.org/1.5/modules/generated/sklearn.linear_model.LogisticRegression.html\">?<span>Documentation for LogisticRegression</span></a><span class=\"sk-estimator-doc-link fitted\">i<span>Fitted</span></span></label><div class=\"sk-toggleable__content fitted\"><pre>LogisticRegression(multi_class=&#x27;ovr&#x27;)</pre></div> </div></div></div></div>"
      ],
      "text/plain": [
       "LogisticRegression(multi_class='ovr')"
      ]
     },
     "execution_count": 6,
     "metadata": {},
     "output_type": "execute_result"
    }
   ],
   "source": [
    "# trianing model\n",
    "model.fit(X_train,y_train)"
   ]
  },
  {
   "cell_type": "code",
   "execution_count": 7,
   "id": "f57816ad-6c3f-4d6c-b0d9-12846879999e",
   "metadata": {},
   "outputs": [],
   "source": [
    "y_pred=model.predict(X_test)"
   ]
  },
  {
   "cell_type": "code",
   "execution_count": 8,
   "id": "abe03094-64ac-4f09-8e6b-6176b9e7df9d",
   "metadata": {},
   "outputs": [
    {
     "data": {
      "text/plain": [
       "array([[9.10641007e-02, 5.88918814e-01, 3.20017086e-01],\n",
       "       [7.74913438e-02, 8.83935792e-01, 3.85728639e-02],\n",
       "       [6.84424719e-01, 2.03486076e-01, 1.12089205e-01],\n",
       "       [1.43078246e-02, 9.01463818e-02, 8.95545794e-01],\n",
       "       [6.87563505e-02, 8.36639008e-01, 9.46046415e-02],\n",
       "       [1.08997130e-01, 3.07635489e-01, 5.83367380e-01],\n",
       "       [3.78574343e-01, 2.08257319e-01, 4.13168338e-01],\n",
       "       [3.14075303e-01, 1.75938154e-01, 5.09986543e-01],\n",
       "       [5.14661374e-01, 1.90320746e-01, 2.95017880e-01],\n",
       "       [5.97855686e-01, 3.02391035e-01, 9.97532791e-02],\n",
       "       [4.20049273e-02, 3.31576489e-01, 6.26418584e-01],\n",
       "       [4.86732760e-01, 1.04800924e-01, 4.08466316e-01],\n",
       "       [8.01128811e-01, 3.37464192e-02, 1.65124770e-01],\n",
       "       [8.98155592e-02, 6.97988466e-01, 2.12195975e-01],\n",
       "       [7.29031504e-02, 8.39118736e-01, 8.79781132e-02],\n",
       "       [5.10593601e-01, 2.09236547e-01, 2.80169852e-01],\n",
       "       [1.24309393e-01, 7.90830108e-01, 8.48604992e-02],\n",
       "       [3.42809146e-03, 3.71695693e-01, 6.24876216e-01],\n",
       "       [6.26590479e-01, 4.39019936e-02, 3.29507527e-01],\n",
       "       [6.49563261e-01, 8.84534639e-02, 2.61983276e-01],\n",
       "       [1.16765033e-02, 7.95959647e-01, 1.92363849e-01],\n",
       "       [4.53753138e-01, 2.50623287e-01, 2.95623575e-01],\n",
       "       [2.40740950e-01, 2.05763198e-01, 5.53495852e-01],\n",
       "       [6.39579000e-03, 7.31503954e-01, 2.62100256e-01],\n",
       "       [6.76660844e-01, 2.84383220e-01, 3.89559356e-02],\n",
       "       [3.71148740e-01, 6.05463464e-01, 2.33877961e-02],\n",
       "       [3.18791739e-01, 4.52638872e-01, 2.28569389e-01],\n",
       "       [6.83264935e-01, 2.38483654e-01, 7.82514108e-02],\n",
       "       [2.74166323e-02, 1.43214345e-01, 8.29369023e-01],\n",
       "       [3.13452745e-02, 2.67355409e-01, 7.01299316e-01],\n",
       "       [6.36361205e-01, 4.70420954e-03, 3.58934585e-01],\n",
       "       [1.11802984e-01, 8.56584718e-01, 3.16122976e-02],\n",
       "       [5.54936850e-01, 8.54945334e-02, 3.59568617e-01],\n",
       "       [4.30089916e-01, 4.61216810e-01, 1.08693274e-01],\n",
       "       [6.10388311e-01, 2.19498590e-02, 3.67661830e-01],\n",
       "       [3.65202955e-01, 2.54970426e-01, 3.79826619e-01],\n",
       "       [5.17847594e-01, 1.22615522e-01, 3.59536885e-01],\n",
       "       [3.71342880e-01, 1.87653441e-01, 4.41003679e-01],\n",
       "       [1.85286771e-01, 7.85599470e-01, 2.91137592e-02],\n",
       "       [6.31415838e-01, 9.52074152e-02, 2.73376746e-01],\n",
       "       [5.28078033e-01, 1.94451339e-01, 2.77470628e-01],\n",
       "       [6.63590705e-01, 3.11059056e-01, 2.53502394e-02],\n",
       "       [1.40133231e-01, 7.20527635e-01, 1.39339134e-01],\n",
       "       [3.69185424e-01, 3.55905370e-01, 2.74909206e-01],\n",
       "       [1.49832608e-01, 8.30007408e-01, 2.01599837e-02],\n",
       "       [1.41605987e-01, 7.84018371e-01, 7.43756415e-02],\n",
       "       [5.90748919e-01, 6.80943080e-02, 3.41156773e-01],\n",
       "       [5.83661012e-01, 3.42797503e-02, 3.82059237e-01],\n",
       "       [4.39585422e-01, 3.16615265e-01, 2.43799313e-01],\n",
       "       [1.20964482e-01, 2.00278405e-01, 6.78757113e-01],\n",
       "       [5.26433937e-02, 8.90745112e-01, 5.66114947e-02],\n",
       "       [3.58718918e-01, 2.12030573e-01, 4.29250509e-01],\n",
       "       [4.96421352e-01, 3.10637772e-01, 1.92940876e-01],\n",
       "       [1.35472804e-02, 4.50657682e-01, 5.35795037e-01],\n",
       "       [8.09114454e-02, 2.47955738e-01, 6.71132816e-01],\n",
       "       [6.22174098e-02, 2.05676534e-01, 7.32106056e-01],\n",
       "       [5.14191232e-01, 1.33262590e-01, 3.52546177e-01],\n",
       "       [3.05521313e-01, 6.26023274e-01, 6.84554129e-02],\n",
       "       [3.65370076e-01, 5.22682147e-01, 1.11947777e-01],\n",
       "       [5.71068871e-01, 6.20407962e-02, 3.66890333e-01],\n",
       "       [5.36079979e-01, 6.55321710e-02, 3.98387850e-01],\n",
       "       [9.59788779e-02, 4.03248882e-01, 5.00772240e-01],\n",
       "       [8.87690297e-01, 3.15944383e-02, 8.07152646e-02],\n",
       "       [2.03412642e-01, 1.14979049e-01, 6.81608308e-01],\n",
       "       [5.57515152e-01, 1.33761182e-02, 4.29108730e-01],\n",
       "       [4.58840447e-01, 4.82100072e-01, 5.90594806e-02],\n",
       "       [4.81171808e-02, 3.21519476e-02, 9.19730872e-01],\n",
       "       [3.25708756e-01, 4.78013548e-01, 1.96277696e-01],\n",
       "       [5.40247611e-01, 1.16419207e-01, 3.43333181e-01],\n",
       "       [5.36386527e-01, 3.85673611e-01, 7.79398622e-02],\n",
       "       [2.21596066e-02, 3.46678844e-01, 6.31161549e-01],\n",
       "       [4.28627579e-01, 1.21507533e-02, 5.59221668e-01],\n",
       "       [4.71903734e-01, 8.47807781e-03, 5.19618188e-01],\n",
       "       [1.17963630e-01, 8.13630355e-01, 6.84060144e-02],\n",
       "       [3.96334136e-01, 5.02474721e-01, 1.01191144e-01],\n",
       "       [8.67978500e-02, 2.72591977e-01, 6.40610173e-01],\n",
       "       [5.81642536e-02, 2.47409561e-01, 6.94426185e-01],\n",
       "       [1.97951878e-01, 1.42274833e-01, 6.59773289e-01],\n",
       "       [8.02340619e-02, 3.82856788e-01, 5.36909150e-01],\n",
       "       [3.11397858e-01, 1.26396625e-01, 5.62205517e-01],\n",
       "       [8.48684448e-01, 8.97797488e-03, 1.42337577e-01],\n",
       "       [4.57111836e-02, 6.01145463e-01, 3.53143353e-01],\n",
       "       [8.08918374e-01, 6.94084793e-02, 1.21673146e-01],\n",
       "       [2.11281357e-01, 6.26723599e-01, 1.61995043e-01],\n",
       "       [7.14742144e-02, 7.11657324e-02, 8.57360053e-01],\n",
       "       [5.40230277e-01, 1.08354385e-01, 3.51415338e-01],\n",
       "       [6.12532818e-02, 2.40244015e-01, 6.98502704e-01],\n",
       "       [3.31283112e-02, 3.56769215e-01, 6.10102473e-01],\n",
       "       [3.16490222e-01, 4.74052545e-01, 2.09457233e-01],\n",
       "       [2.53093621e-01, 6.30007429e-01, 1.16898950e-01],\n",
       "       [3.70165287e-01, 1.75963275e-01, 4.53871438e-01],\n",
       "       [6.86823266e-01, 2.99368474e-01, 1.38082607e-02],\n",
       "       [6.57638292e-01, 2.63653236e-01, 7.87084716e-02],\n",
       "       [6.12773199e-01, 1.67585941e-01, 2.19640860e-01],\n",
       "       [1.40037712e-01, 7.28897053e-01, 1.31065235e-01],\n",
       "       [7.67447235e-01, 6.26049499e-02, 1.69947815e-01],\n",
       "       [6.40580174e-01, 3.37021490e-01, 2.23983359e-02],\n",
       "       [5.54827084e-01, 1.92069117e-02, 4.25966004e-01],\n",
       "       [1.50713117e-02, 8.33269261e-01, 1.51659428e-01],\n",
       "       [4.92372944e-01, 2.50239056e-01, 2.57388000e-01],\n",
       "       [6.57050651e-01, 4.74862692e-03, 3.38200722e-01],\n",
       "       [2.39505343e-01, 6.57818693e-01, 1.02675964e-01],\n",
       "       [5.66800925e-01, 7.64508967e-03, 4.25553985e-01],\n",
       "       [1.97566899e-01, 5.76597693e-01, 2.25835409e-01],\n",
       "       [5.48623780e-01, 7.53151199e-02, 3.76061101e-01],\n",
       "       [5.99966021e-01, 9.33430174e-02, 3.06690961e-01],\n",
       "       [1.70401886e-01, 7.05339356e-01, 1.24258758e-01],\n",
       "       [5.89887527e-01, 4.56316462e-02, 3.64480827e-01],\n",
       "       [3.00646307e-02, 8.97061831e-02, 8.80229186e-01],\n",
       "       [3.09694221e-01, 5.65499003e-01, 1.24806776e-01],\n",
       "       [7.87343903e-01, 8.45414649e-02, 1.28114632e-01],\n",
       "       [1.22485279e-01, 6.02428567e-01, 2.75086154e-01],\n",
       "       [2.87132410e-02, 8.92062968e-01, 7.92237913e-02],\n",
       "       [2.97752541e-01, 7.82344631e-02, 6.24012995e-01],\n",
       "       [2.01036967e-01, 1.40207813e-01, 6.58755220e-01],\n",
       "       [3.27174993e-01, 3.03161309e-01, 3.69663699e-01],\n",
       "       [1.85265036e-01, 7.50476967e-01, 6.42579972e-02],\n",
       "       [2.67622483e-01, 1.78870882e-01, 5.53506635e-01],\n",
       "       [7.60777736e-01, 1.28001585e-01, 1.11220678e-01],\n",
       "       [4.71143681e-01, 2.67509959e-01, 2.61346360e-01],\n",
       "       [4.34722304e-02, 2.68725407e-01, 6.87802363e-01],\n",
       "       [3.53865986e-01, 4.93272646e-01, 1.52861367e-01],\n",
       "       [5.79986296e-01, 1.14402951e-01, 3.05610754e-01],\n",
       "       [4.35701955e-02, 5.37554505e-01, 4.18875299e-01],\n",
       "       [3.82500651e-01, 6.12528700e-01, 4.97064883e-03],\n",
       "       [3.31664260e-01, 4.71807599e-01, 1.96528141e-01],\n",
       "       [4.92515063e-01, 1.53940601e-01, 3.53544336e-01],\n",
       "       [7.10123564e-01, 2.63342295e-01, 2.65341405e-02],\n",
       "       [5.18408792e-01, 2.16787023e-01, 2.64804185e-01],\n",
       "       [5.86217345e-01, 5.97578448e-02, 3.54024810e-01],\n",
       "       [5.61006733e-01, 4.20255306e-01, 1.87379612e-02],\n",
       "       [6.87499036e-01, 6.31477269e-02, 2.49353237e-01],\n",
       "       [5.78409154e-02, 2.98218340e-01, 6.43940745e-01],\n",
       "       [1.54920238e-01, 4.34886423e-02, 8.01591120e-01],\n",
       "       [6.30551994e-02, 4.36614300e-01, 5.00330500e-01],\n",
       "       [1.50044887e-01, 1.34662617e-01, 7.15292496e-01],\n",
       "       [3.04632404e-01, 1.20660050e-01, 5.74707547e-01],\n",
       "       [2.11077865e-01, 1.11778820e-01, 6.77143315e-01],\n",
       "       [6.91820590e-01, 5.94829924e-02, 2.48696418e-01],\n",
       "       [3.95707554e-02, 4.72663968e-01, 4.87765276e-01],\n",
       "       [4.64462623e-01, 4.85427610e-01, 5.01097678e-02],\n",
       "       [3.07752601e-01, 6.83609441e-01, 8.63795787e-03],\n",
       "       [4.28097984e-01, 3.86753733e-01, 1.85148282e-01],\n",
       "       [2.10659344e-01, 7.52137099e-01, 3.72035566e-02],\n",
       "       [2.23954720e-01, 9.70891101e-02, 6.78956170e-01],\n",
       "       [5.73349787e-01, 1.10928648e-01, 3.15721566e-01],\n",
       "       [2.67066710e-01, 4.47907826e-01, 2.85025464e-01],\n",
       "       [5.23030958e-01, 1.13174841e-01, 3.63794201e-01],\n",
       "       [2.95410724e-01, 6.01585677e-02, 6.44430708e-01],\n",
       "       [6.00816065e-01, 9.11230617e-02, 3.08060873e-01],\n",
       "       [5.55166191e-01, 5.44682655e-02, 3.90365543e-01],\n",
       "       [3.23654999e-01, 5.57550415e-01, 1.18794585e-01],\n",
       "       [1.08182818e-01, 5.09275029e-01, 3.82542153e-01],\n",
       "       [4.63460053e-01, 1.82677633e-01, 3.53862314e-01],\n",
       "       [1.48737017e-01, 8.19318411e-02, 7.69331142e-01],\n",
       "       [4.99808406e-01, 4.32992607e-01, 6.71989876e-02],\n",
       "       [3.51228690e-01, 4.09208661e-01, 2.39562650e-01],\n",
       "       [5.55990604e-01, 2.10561774e-01, 2.33447622e-01],\n",
       "       [2.63971322e-01, 1.33485542e-02, 7.22680123e-01],\n",
       "       [8.67723927e-02, 8.08167700e-01, 1.05059907e-01],\n",
       "       [2.47759935e-01, 2.57072466e-01, 4.95167599e-01],\n",
       "       [5.44503064e-01, 1.21335226e-01, 3.34161709e-01],\n",
       "       [1.95775673e-02, 7.52209016e-01, 2.28213416e-01],\n",
       "       [4.29440712e-01, 4.33399466e-01, 1.37159822e-01],\n",
       "       [5.81104076e-01, 8.04370884e-02, 3.38458836e-01],\n",
       "       [2.41533691e-01, 7.41309339e-01, 1.71569696e-02],\n",
       "       [2.74863631e-01, 7.47598999e-02, 6.50376469e-01],\n",
       "       [2.58077245e-01, 6.06906403e-01, 1.35016352e-01],\n",
       "       [5.65160253e-01, 2.41464695e-01, 1.93375051e-01],\n",
       "       [1.62636536e-01, 9.50381128e-02, 7.42325351e-01],\n",
       "       [4.95808641e-01, 1.09855013e-01, 3.94336345e-01],\n",
       "       [3.85382777e-02, 8.89328454e-01, 7.21332682e-02],\n",
       "       [6.80730772e-02, 8.90242749e-01, 4.16841737e-02],\n",
       "       [4.08634039e-01, 1.79410939e-01, 4.11955022e-01],\n",
       "       [2.31789381e-01, 5.15464358e-01, 2.52746261e-01],\n",
       "       [5.95241246e-01, 3.68036221e-01, 3.67225326e-02],\n",
       "       [2.44199005e-02, 2.12325058e-01, 7.63255041e-01],\n",
       "       [3.41150302e-01, 6.41712092e-01, 1.71376063e-02],\n",
       "       [2.09164213e-01, 7.79454570e-01, 1.13812168e-02],\n",
       "       [4.14519194e-01, 2.90422504e-01, 2.95058302e-01],\n",
       "       [2.59617765e-04, 5.63084241e-01, 4.36656141e-01],\n",
       "       [4.97866623e-01, 2.55033915e-01, 2.47099462e-01],\n",
       "       [2.65799297e-03, 6.37793595e-01, 3.59548412e-01],\n",
       "       [4.97587383e-01, 4.55785609e-01, 4.66270085e-02],\n",
       "       [1.27622886e-02, 4.62447051e-01, 5.24790660e-01],\n",
       "       [5.76448533e-01, 1.41020332e-02, 4.09449434e-01],\n",
       "       [5.91683001e-01, 3.62080779e-01, 4.62362209e-02],\n",
       "       [5.34039316e-01, 3.09498917e-02, 4.35010793e-01],\n",
       "       [6.02723722e-01, 3.19544731e-01, 7.77315469e-02],\n",
       "       [4.48943830e-01, 1.58680854e-01, 3.92375316e-01],\n",
       "       [1.56728425e-02, 8.96250775e-01, 8.80763828e-02],\n",
       "       [7.15750002e-01, 5.75396148e-02, 2.26710383e-01],\n",
       "       [5.55464136e-01, 2.80516022e-02, 4.16484262e-01],\n",
       "       [2.62768799e-02, 9.02344089e-01, 7.13790311e-02],\n",
       "       [4.36383519e-01, 5.19015352e-01, 4.46011290e-02],\n",
       "       [7.18572777e-01, 5.74860898e-02, 2.23941133e-01],\n",
       "       [7.64486770e-01, 7.90404614e-02, 1.56472768e-01],\n",
       "       [4.40110759e-01, 1.28837417e-01, 4.31051824e-01],\n",
       "       [1.76699402e-01, 6.03874953e-01, 2.19425645e-01],\n",
       "       [6.70536925e-01, 1.07172128e-02, 3.18745862e-01]])"
      ]
     },
     "execution_count": 8,
     "metadata": {},
     "output_type": "execute_result"
    }
   ],
   "source": [
    "model.predict_proba(X_test)"
   ]
  },
  {
   "cell_type": "code",
   "execution_count": 9,
   "id": "cc702569-663d-43a6-bce5-f29ba3c34627",
   "metadata": {},
   "outputs": [
    {
     "name": "stdout",
     "output_type": "stream",
     "text": [
      "[[56 10 17]\n",
      " [16 41  6]\n",
      " [ 3 13 38]]\n",
      "0.675\n",
      "              precision    recall  f1-score   support\n",
      "\n",
      "           0       0.75      0.67      0.71        83\n",
      "           1       0.64      0.65      0.65        63\n",
      "           2       0.62      0.70      0.66        54\n",
      "\n",
      "    accuracy                           0.68       200\n",
      "   macro avg       0.67      0.68      0.67       200\n",
      "weighted avg       0.68      0.68      0.68       200\n",
      "\n"
     ]
    }
   ],
   "source": [
    "from sklearn.metrics import confusion_matrix,accuracy_score,classification_report\n",
    "print(confusion_matrix(y_pred,y_test))\n",
    "print(accuracy_score(y_pred,y_test))\n",
    "print(classification_report(y_pred,y_test))"
   ]
  },
  {
   "cell_type": "code",
   "execution_count": 11,
   "id": "182c59bb-3aee-4e2c-aa59-1355623c066a",
   "metadata": {},
   "outputs": [],
   "source": [
    "from sklearn.datasets import load_iris\n",
    "import pandas as pd\n",
    "import numpy as np"
   ]
  },
  {
   "cell_type": "code",
   "execution_count": 12,
   "id": "9b458873-3cc3-49b5-bd66-61b47c6a9500",
   "metadata": {},
   "outputs": [
    {
     "data": {
      "text/html": [
       "<div>\n",
       "<style scoped>\n",
       "    .dataframe tbody tr th:only-of-type {\n",
       "        vertical-align: middle;\n",
       "    }\n",
       "\n",
       "    .dataframe tbody tr th {\n",
       "        vertical-align: top;\n",
       "    }\n",
       "\n",
       "    .dataframe thead th {\n",
       "        text-align: right;\n",
       "    }\n",
       "</style>\n",
       "<table border=\"1\" class=\"dataframe\">\n",
       "  <thead>\n",
       "    <tr style=\"text-align: right;\">\n",
       "      <th></th>\n",
       "      <th>sepal length (cm)</th>\n",
       "      <th>sepal width (cm)</th>\n",
       "      <th>petal length (cm)</th>\n",
       "      <th>petal width (cm)</th>\n",
       "    </tr>\n",
       "  </thead>\n",
       "  <tbody>\n",
       "    <tr>\n",
       "      <th>0</th>\n",
       "      <td>5.1</td>\n",
       "      <td>3.5</td>\n",
       "      <td>1.4</td>\n",
       "      <td>0.2</td>\n",
       "    </tr>\n",
       "    <tr>\n",
       "      <th>1</th>\n",
       "      <td>4.9</td>\n",
       "      <td>3.0</td>\n",
       "      <td>1.4</td>\n",
       "      <td>0.2</td>\n",
       "    </tr>\n",
       "    <tr>\n",
       "      <th>2</th>\n",
       "      <td>4.7</td>\n",
       "      <td>3.2</td>\n",
       "      <td>1.3</td>\n",
       "      <td>0.2</td>\n",
       "    </tr>\n",
       "    <tr>\n",
       "      <th>3</th>\n",
       "      <td>4.6</td>\n",
       "      <td>3.1</td>\n",
       "      <td>1.5</td>\n",
       "      <td>0.2</td>\n",
       "    </tr>\n",
       "    <tr>\n",
       "      <th>4</th>\n",
       "      <td>5.0</td>\n",
       "      <td>3.6</td>\n",
       "      <td>1.4</td>\n",
       "      <td>0.2</td>\n",
       "    </tr>\n",
       "  </tbody>\n",
       "</table>\n",
       "</div>"
      ],
      "text/plain": [
       "   sepal length (cm)  sepal width (cm)  petal length (cm)  petal width (cm)\n",
       "0                5.1               3.5                1.4               0.2\n",
       "1                4.9               3.0                1.4               0.2\n",
       "2                4.7               3.2                1.3               0.2\n",
       "3                4.6               3.1                1.5               0.2\n",
       "4                5.0               3.6                1.4               0.2"
      ]
     },
     "execution_count": 12,
     "metadata": {},
     "output_type": "execute_result"
    }
   ],
   "source": [
    "dataset=load_iris()\n",
    "df=pd.DataFrame(dataset.data,columns=dataset.feature_names)\n",
    "df.head()"
   ]
  },
  {
   "cell_type": "code",
   "execution_count": null,
   "id": "29133ec1-adde-4515-9abe-dfe55596e5d8",
   "metadata": {},
   "outputs": [],
   "source": []
  }
 ],
 "metadata": {
  "kernelspec": {
   "display_name": "Python 3 (ipykernel)",
   "language": "python",
   "name": "python3"
  },
  "language_info": {
   "codemirror_mode": {
    "name": "ipython",
    "version": 3
   },
   "file_extension": ".py",
   "mimetype": "text/x-python",
   "name": "python",
   "nbconvert_exporter": "python",
   "pygments_lexer": "ipython3",
   "version": "3.12.2"
  }
 },
 "nbformat": 4,
 "nbformat_minor": 5
}
